15 4 10 17 2 3 89 30 25 16 5 21 19 44 90 1
100 2 2 2 2 2 2 2 2 2 2 2 2 2 2 2 2 2 2 2 2 2 2 2 2 2 2 2 2 2 2 2 2 2 2 2 2 2 2 2 2 2 2 2 2 2 2 2 2 2 2 2 2 2 2 2 2 2 2 2 2 2 2 2 2 2 2 2 2 2 2 2 2 2 2 2 2 2 2 2 2 2 2 2 2 2 2 2 2 2 2 2 2 2 2 2 2 2 2 2 2
101 0 1 2 3 4 5 6 7 8 9 10 11 12 13 14 15 16 17 18 19 20 21 22 23 24 25 26 27 28 29 30 31 32 33 34 35 36 37 38 39 40 41 42 43 44 45 46 47 48 49 50 51 52 53 54 55 56 57 58 59 60 61 62 63 64 65 66 67 68 69 70 71 72 73 74 75 76 77 78 79 80 81 82 83 84 85 86 87 88 89 90 91 92 93 94 95 96 97 98 99 100
500 2610 3844 1377 4193 2521 740 633 4395 2299 2188 3523 2889 2690 4698 3522 4351 4202 2302 350 957 259 1074 1361 2010 2543 904 1843 2777 1203 3520 2456 4473 1987 49 4611 1474 1141 4362 2334 2207 3128 841 1213 47 2105 3721 427 3688 3337 1720 4243 2864 1084 1029 3890 1465 4504 2224 1654 366 358 3357 1517 4514 4486 817 3184 4283 468 1057 2380 3401 622 2283 301 4972 2607 4365 1364 377 3860 1953 1885 4573 3103 1495 125 648 279 3130 935 4233 4552 3542 4519 4802 2245 3072 453 1318 2262 222 3497 3357 4737 214 233 1446 3611 1074 3969 3627 2605 1838 369 2741 2282 447 4403 2526 964 1618 835 946 4734 4500 3125 4169 1952 326 2264 1040 1722 1120 2267 2998 3282 3841 3908 2969 2114 1179 3237 552 535 3688 1298 1226 914 4769 2647 3009 2604 1599 1226 1992 1000 125 1574 3227 3590 3515 3452 4716 1770 1085 2205 3361 2747 1651 188 2035 3522 152 3429 4029 1514 4327 3322 2363 2194 159 4922 618 4231 2703 3155 2898 675 4213 4449 4777 3613 4522 102 3277 941 1173 1299 1506 1842 1554 372 3110 162 4422 3992 4679 576 3691 97 2073 1433 1414 3021 1359 4621 2511 2266 2722 2266 40 3766 1009 3683 445 4938 4369 746 1129 2464 1498 2497 181 145 611 3276 2375 816 2674 2362 2268 2886 4214 2001 3383 2105 1012 2765 2125 137 4335 2681 1213 1945 1336 1171 4618 4600 1149 1745 4853 1176 3348 1413 1497 414 33 2302 999 2272 2301 1236 4095 911 1515 4226 951 4701 4324 4959 509 3033 40 4221 335 2135 228 1970 3047 4317 4648 2058 109 910 345 746 1438 1030 1129 211 3206 2735 2462 4529 3729 621 765 846 1700 3736 2667 3281 4410 4708 159 2842 3409 2438 1794 289 4563 4142 3139 4847 4848 2027 833 129 815 4096 269 4661 1734 3076 1519 3685 3813 2386 2049 1251 1902 1076 2893 1119 4150 3695 4214 2057 2507 3969 4568 4101 3374 718 1486 4675 4903 630 2865 456 917 4147 3026 4013 1273 3953 2080 4576 2383 150 335 3343 3529 4318 4605 2305 3774 2814 4631 4525 1373 4088 1016 3005 3579 1654 3340 4169 4009 4126 3822 2499 3941 1447 4305 689 2989 4157 2972 4304 2684 4516 2347 2601 2436 3974 2389 104 188 3064 4419 2157 1691 1577 773 4607 1917 1928 791 1796 38 38 155 838 98 2450 3368 2712 427 2475 225 3623 3275 182 2943 3310 3060 4831 2390 2877 1305 3116 2187 3445 3721 1546 3992 4746 4739 4542 2684 1050 2208 1367 1750 1514 4176 3920 3706 4018 2555 2843 4575 2688 3254 2792 728 2610 3722 1839 1632 837 3442 711 1183 2206 4158 4061 3467 356 3566 2146 3934 145 642 4723 4307 2224 4347 4049 380 4362 2718 1349 2931 79 2922 2442 3342
0
1 400
2 38 13
3 60 12 2
4 6 7 3 9
6 14 12 19 1 3 21
14 4 10 17 2 3 89 30 25 16 5 21 19 44 90
